SCHED_RR CPU BOUND 10 PROCESSES:
0.16, 0.07, 0.00, 46%, 44, 21
0.09, 0.06, 0.00, 75%, 35, 21
0.07, 0.06, 0.00, 85%, 20, 21
0.06, 0.06, 0.00, 96%, 16, 21
0.08, 0.07, 0.00, 90%, 31, 21
SCHED_RR CPU BOUND 100 PROCESSES:
0.76, 0.69, 0.03, 95%, 240, 201
0.76, 0.67, 0.03, 93%, 211, 201
0.75, 0.65, 0.02, 90%, 225, 201
0.73, 0.62, 0.04, 90%, 222, 201
0.76, 0.65, 0.03, 90%, 232, 201
SCHED_RR CPU BOUND 1000 PROCESSES:
7.56, 6.74, 0.36, 93%, 2202, 1127
7.87, 6.76, 0.39, 90%, 2421, 1110
7.68, 6.53, 0.47, 91%, 2317, 1097
8.14, 6.80, 0.38, 88%, 2379, 1145
8.03, 6.61, 0.49, 88%, 2373, 1115
SCHED_RR IO BOUND 10 PROCESSES:
0.53, 0.00, 0.10, 19%, 1521, 2300
0.39, 0.00, 0.09, 24%, 1526, 2162
0.36, 0.00, 0.10, 28%, 2451, 1514
0.38, 0.00, 0.10, 26%, 3075, 1456
0.51, 0.00, 0.10, 21%, 1851, 1791
SCHED_RR IO BOUND 100 PROCESSES:
2.47, 0.03, 0.63, 26%, 16194, 22458
2.25, 0.03, 0.59, 27%, 17251, 23223
2.29, 0.02, 0.61, 27%, 16980, 22389
2.17, 0.02, 0.57, 27%, 15730, 23638
2.35, 0.01, 0.61, 26%, 15521, 22067
SCHED_RR IO BOUND 1000 PROCESSES:
21.90, 0.36, 6.43, 31%, 171314, 262409
22.02, 0.24, 6.46, 30%, 147476, 263326
22.12, 0.27, 6.43, 30%, 124658, 275749
23.36, 0.31, 7.08, 31%, 108228, 377767
22.96, 0.28, 6.54, 29%, 98300, 319687
SCHED_RR MIXED 10 PROCESSES:
0.72, 0.11, 0.04, 23%, 706, 2675
0.63, 0.10, 0.05, 24%, 1470, 2297
0.68, 0.08, 0.08, 24%, 1750, 2167
0.67, 0.10, 0.06, 25%, 1257, 2384
0.71, 0.08, 0.10, 26%, 722, 2662
SCHED_RR MIXED 100 PROCESSES:
3.59, 0.89, 0.41, 36%, 9249, 20253
3.80, 0.87, 0.45, 35%, 9719, 20370
3.95, 0.89, 0.45, 34%, 9517, 17975
3.68, 0.90, 0.41, 35%, 9661, 19137
3.52, 0.88, 0.41, 37%, 8616, 20736
SCHED_RR MIXED 1000 PROCESSES:
35.04, 8.88, 4.21, 37%, 114081, 250987
37.97, 9.78, 3.21, 34%, 136268, 166304
37.02, 9.29, 3.28, 33%, 124181, 172130
37.24, 9.53, 3.02, 33%, 115843, 167856
37.26, 9.44, 3.19, 33%, 107204, 167359
SCHED_FIFO CPU BOUND 10 PROCESSES:
0.15, 0.07, 0.00, 45%, 34, 31
0.13, 0.06, 0.00, 47%, 29, 21
0.18, 0.06, 0.00, 37%, 30, 21
0.14, 0.05, 0.01, 46%, 29, 21
0.14, 0.06, 0.00, 46%, 25, 21
SCHED_FIFO CPU BOUND 100 PROCESSES:
0.96, 0.67, 0.02, 72%, 267, 201
0.88, 0.69, 0.02, 80%, 247, 200
0.83, 0.64, 0.03, 81%, 224, 200
0.82, 0.62, 0.04, 81%, 214, 201
0.82, 0.62, 0.05, 81%, 244, 201
SCHED_FIFO CPU BOUND 1000 PROCESSES:
18.00, 6.94, 0.90, 43%, 4810, 1152
17.80, 6.57, 1.38, 44%, 7286, 1118
12.98, 6.28, 1.47, 59%, 7090, 1231
7.79, 6.86, 0.29, 91%, 2147, 1104
8.19, 6.90, 0.34, 88%, 2389, 1105
SCHED_FIFO IO BOUND 10 PROCESSES:
0.63, 0.00, 0.09, 14%, 1069, 2575
0.70, 0.00, 0.09, 14%, 220, 2748
0.70, 0.00, 0.10, 14%, 216, 2698
0.75, 0.00, 0.10, 14%, 191, 2717
0.64, 0.00, 0.09, 15%, 182, 2769
SCHED_FIFO IO BOUND 100 PROCESSES:
2.67, 0.01, 0.64, 24%, 7430, 21638
2.61, 0.02, 0.60, 24%, 7431, 23003
2.66, 0.01, 0.64, 24%, 7090, 21796
2.73, 0.01, 0.67, 25%, 7908, 22115
2.74, 0.02, 0.63, 24%, 7167, 22197
SCHED_FIFO IO BOUND 1000 PROCESSES:
24.40, 0.24, 6.41, 27%, 106991, 228819
35.53, 0.28, 8.28, 24%, 108687, 330521
34.44, 0.27, 7.30, 22%, 101794, 285589
31.68, 0.26, 6.19, 20%, 98041, 230686
28.88, 0.28, 6.19, 22%, 95806, 214461
SCHED_FIFO MIXED 10 PROCESSES:
0.84, 0.11, 0.04, 19%, 236, 2784
0.96, 0.12, 0.04, 17%, 197, 2916
0.83, 0.10, 0.06, 20%, 284, 2943
0.96, 0.13, 0.04, 18%, 196, 2920
0.90, 0.14, 0.02, 19%, 323, 2787
SCHED_FIFO MIXED 100 PROCESSES:
4.01, 0.87, 0.47, 33%, 8338, 18049
4.98, 0.92, 0.46, 27%, 8165, 19525
3.94, 0.88, 0.47, 34%, 8729, 19502
3.87, 0.86, 0.45, 33%, 8423, 19754
4.01, 0.92, 0.44, 34%, 9151, 19267
SCHED_FIFO MIXED 1000 PROCESSES:
39.57, 9.57, 3.76, 33%, 101321, 167855
45.07, 9.29, 3.55, 28%, 112872, 210792
39.35, 9.20, 4.08, 33%, 113622, 183183
39.35, 9.45, 3.78, 33%, 109001, 161647
36.60, 8.72, 4.31, 35%, 102604, 248019
SCHED_OTHER CPU BOUND 10 PROCESSES:
0.23, 0.06, 0.00, 29%, 33, 37
0.14, 0.06, 0.00, 46%, 33, 21
0.14, 0.06, 0.00, 47%, 29, 21
0.14, 0.05, 0.01, 45%, 27, 21
0.15, 0.06, 0.00, 42%, 32, 21
SCHED_OTHER CPU BOUND 100 PROCESSES:
1.10, 0.66, 0.04, 63%, 288, 201
0.96, 0.66, 0.03, 73%, 270, 201
1.05, 0.69, 0.04, 69%, 279, 201
1.05, 0.69, 0.03, 69%, 280, 201
0.97, 0.65, 0.03, 70%, 264, 201
SCHED_OTHER CPU BOUND 1000 PROCESSES:
16.18, 6.78, 0.87, 47%, 5066, 1087
17.24, 6.63, 1.51, 47%, 8827, 1027
11.46, 6.50, 0.89, 64%, 4861, 1072
7.98, 6.54, 0.38, 86%, 3165, 1043
8.01, 6.62, 0.31, 86%, 2325, 1108
SCHED_OTHER IO BOUND 10 PROCESSES:
0.73, 0.01, 0.09, 14%, 1270, 2536
0.68, 0.00, 0.10, 15%, 263, 2688
0.77, 0.00, 0.10, 13%, 217, 2788
0.66, 0.01, 0.10, 17%, 245, 2694
0.77, 0.00, 0.11, 14%, 172, 2748
SCHED_OTHER IO BOUND 100 PROCESSES:
2.47, 0.01, 0.63, 26%, 6759, 22010
2.42, 0.03, 0.59, 25%, 6169, 21692
2.53, 0.02, 0.59, 24%, 6605, 21460
2.57, 0.00, 0.64, 25%, 6777, 21197
2.48, 0.02, 0.62, 26%, 6186, 22430
SCHED_OTHER IO BOUND 1000 PROCESSES:
23.57, 0.26, 5.83, 25%, 106143, 256571
24.90, 0.28, 6.47, 27%, 97885, 237486
22.54, 0.26, 5.75, 26%, 91697, 210863
25.40, 0.23, 6.54, 26%, 108238, 318544
25.99, 0.26, 6.76, 27%, 107194, 261628
SCHED_OTHER MIXED 10 PROCESSES:
0.90, 0.10, 0.08, 20%, 344, 2737
0.87, 0.09, 0.08, 20%, 267, 2785
0.88, 0.08, 0.09, 21%, 280, 2730
0.90, 0.11, 0.06, 20%, 301, 2836
0.87, 0.11, 0.07, 22%, 417, 2722
SCHED_OTHER MIXED 100 PROCESSES:
4.15, 0.99, 0.40, 33%, 8570, 18096
4.03, 0.91, 0.47, 34%, 8221, 19763
4.30, 0.89, 0.48, 31%, 8553, 19032
5.01, 0.93, 0.45, 27%, 10472, 20843
3.92, 0.93, 0.40, 34%, 8300, 19213
SCHED_OTHER MIXED 1000 PROCESSES:
44.36, 8.92, 4.24, 29%, 178934, 187855
32.78, 9.20, 3.71, 39%, 193030, 187899
35.76, 9.37, 3.67, 36%, 182317, 174998
37.07, 9.48, 3.66, 35%, 161299, 164055
40.23, 9.42, 4.60, 34%, 135633, 151559
